18116656587
18908092237
17300581769
18990559801
13327955544
13347791777
18921850511
18030569475
15397603928
17365504946
18080743547
18952227689
18908050515
17353280662
17361055755
18980096805
18908229796
18980995621
18113580718
13340911577
18080508666
18952039101
18008099186
18113674550
18908082507
18905177552
18961000303
18980988298
18136317277
13390629285
13365159380
18968849310
18068308341
18181265477
18030879803
18111661068
13387121230
15365579051
13340800608
18080159142
17327618658
18068690437
13372796089
13350922700
18190935611
13305783030
18980984668
17368672581
13337852629
17396244089
17325984507
18980196980
18981958910
18142506755
18905254055
18981309201
15366139672
18982852489
18081156666
18013159689
18168288028
17333602118
18168156961
15366678880
18080181064
17311719919
18980893439
18961707661
18036338631
18924336025
18048587553
15308014545
13350666168
18115747719
18015708386
18080328085
17381426927
13320669300
15301415821
18912116369
15397777082
17308049022
13382729325
18051469935
18988281610
18181879743
17361989918
13376079319
18011525710
18012529316
13306131979
17308100380
18010638037
18942250554
15390337091
15388232686
18961158177
13330868883
18951657272
18921479700
15363763563
18926066979
18048810233
18981277591
18981858072
15380021533
18086940665
13350455248
13338061176
13390607781
18036665919
13350402563
18052633390
18008178214
18168170880
18145049186
18021998253
18021877868
15328187258
15366719508
13301556633
15386841163
13350904477
18908178505
18988651888
18900810504
18938847829
18102263345
18998125556
17319329232
13365952169
15307953313
18159759959
17338134036
18100632789
18161164152
18179787201
18138765255
18950372023
17365131375
13318175900
18914773365
18180329719
17341733383
18075521607
18910376355
18154493327
18086430208
18086635729
18930285319
18079437235
18110855697
15321801376
18067039691
18910053903
18986136865
18122526043
18041238855
18907223333
15321608680
18959106348
18152837946
18959428000
18965150478
13305877614
18921488285
18973036848
18067304594
18075972768
17379903303
18187225364
13372700899
18032309570
15311182590
13363021303
13368134285
18183066553
18983154609
15320653352
18183065179
17319789283
15383979788
13378192269
18908364998
18911349391
17398960611
15319835887
13383396899
18983836336
13389683940
18996634702
13333873957
13399880852
13372686745
18996669908
13315942335
18983161533
18002342270
13364045616
15310100134
13308251873
15383385534
17338628290
15324050735
17323693931
18131645518
15324018966
13308310578
18103711631
18033532360
18137232985
18031847336
13315210982
17353222610
13383243622
18020076959
17331655039
17300229572
13320283352
18983461532
13393382098
17347854250
17308315024
13373325550
13333655792
13315055151
15303273222
18910692192
15378730092
18934411061
17320356675
17323794566
17300282431
18183050534
18983827261
17323610129
17323897612
18183099266
17337934551
18983920021
17323795729
18132389387
18939422328
15330566075
17323664193
13320274812
18996606865
18166381237
15333812878
15320590311
13363191545
18137288160
17378364878
18996271113
18137237675
17331521855
18996777183
13350329500
18908380732
18182261836
17383182865
17316125626
18996827322
18037743122
17323636646
17323430136
17337081327
17302385262
18182268867
13372742422
18166481918
13393928389
13381062690
18932757366
13330280179
17323824504
18026057755
18083098547
15333970805
18084017180
18983470699
15310400073
18183137187
18996496098
15320289283
18037167865
15378269823
17313106938
17382241148
18103818736
17337758017
17383139196
18085523463
13368646179
17323718838
15350605506
18034586167
18037655156
18108379731
18002350273
13368216993
15320709115
13350363612
17382262075
18102354483
17338661419
13399893378
15378759195
18071931183
18983771801
18183030104
13350378901
17318403956
17323950609
18983938795
18903897821
13340292709
18166300025
17353299865
18996032364
17395885983
17358331581
18137370358
15373652230
18939129325
17339355355
15324743116
17338356889
17383179895
17318423390
13310277379
15310493500
18983131596
18963423326
15320951030
17358461711
17300273144
17338623967
17335798780
18131229685
13391819642
15334637066
17323917003
13350353229
18996447381
15330483280
15350851284
18996517786
18983536423
18184789649
18103999317
17339617828
18033721036
18983879991
17388227525
17330260370
13398680124
13310262599
15330301906
18996579574
13340369927
18983138583
17323810780
15320458558
13368191297
17382240418
18002326377
17384000235
15310397853
15320209229
13389600726
18996463438
13340302788
18996918062
18137781690
17331256396
18037686725
18996837352
15330581010
15330599548
13368389739
17358385234
17323981189
18166345278
17370979850
18002355996
18183152977
18996360231
17323567289
17302384397
18137719233
17329246555
13353735791
13361987756
13313361009
18184068285
18996606297
18996308367
18182352309
17331892980
17358304697
18996507602
17316764103
15330335362
15310224788
17323849213
13330375708
18183158612
15320760255
17303863956
18908380385
13333293605
18184700455
17383104369
17358338567
17320358488
17347855766
18166443261
17323926985
13311579798
18996570543
13373917032
17383010240
13340321986
18925708807
18983018127
18983065797
13330201064
15340566891
18983191577
15334568818
18183058280
18039448558
17382206838
18916236896
17347779013
17323789555
18002323627
13330216510
15330583787
17347651786
13315933499
18908385157
18182356298
18137697133
18084000081
13308310066
13368326143
17347893974
13320371702
13368125869
18032134588
17323610277
17308391326
18983129272
17388226326
18937076256
13333281520
18996206411
17365224579
15310180382
15310192588
13373180960
18908266979
17308368369
15310656731
17383004218
18996935130
18183115650
18166445537
17353186952
18983196712
13373918357
15340567536
15329736665
18086898016
18031810151
18983990157
17325690486
13389640002
13303270181
13368354884
15320777928
18166325358
13388912525
17347802280
13301302365
18184731898
15373106932
18983245669
18983623870
15334570687
17353276951
13323125958
17338284871
15353939897
13308383851
13368179959
18166598488
18039519070
18996124789
15310521808
18983289025
18983861312
18088111427
15320293139
15310878627
18031396188
18037101779
17347803120
18101837217
18037600056
13368262008
17302335538
15393702266
18183092780
15320377302
15383231325
17338366006
18933997680
13316100665
18135687566
18182290121
17323610507
15320789378
13368195119
17353220100
18090386929
18123231997
18132187316
18983060060
17383186426
18983529713
17323764546
17323838714
18983163081
13320323244
17383111041
17347765293
17329226319
13308305561
18983990586
17337003138
13368115230
18135601681
18083065573
13308258311
18032526676
17382296191
17384065707
18183042602
18996961474
15333782905
18137946108
18039213676
18983632883
13393146170
13330363998
17347629441
13388975690
18996601989
17347717631
18131769392
18931559739
13330211355
13303025877
17382373218
13333691599
13383763872
13320326020
13388901087
18135618676
18939185014
18908348991
17345322052
17365227906
13320382279
18910161616
17378373516
18039392870
18008351220
15320903092
17365288615
18983278568
17382366183
13313356360
13368336566
17308325708
17331413373
17334030832
13330378810
15310437515
15340584755
18037910731
17347695701
15310722926
17360771674
13368333292
17383087318
17382249639
18184507087
17347887911
13393556620
13364028106
18037318786
17320325520
13385796285
18166413429
17338325703
18939673637
15310781671
13388918730
13381325768
15320597963
13368158868
18996196354
13368104938
18132275925
18983945591
13315677781
18068135867
18983781617
18166415427
17320361189
18983745209
18937908838
17323682063
17323846857
18184782476
18052065105
17323718535
15310586424
17323581269
18996679858
15310832732
17323605577
15330513716
13350355082
17316787951
15320702486
13346908666
15369230571
17383092916
18931377485
18990802722
17382234391
17347707205
18983402325
15354444483
18166476383
17323581536
15320778586
18996075169
18032695019
17398991469
17382373129
17320482959
17363163086
17383195355
17308388192
15320800084
18031727751
17323550388
17337162678
13353605095
18996852959
18166351776
18176007209
13323860677
18005123299
15320830587
17382204185
18102371859
18102357443
18039368159
17320368056
17320481303
13315335788
18996311042
15328874606
13370791908
18182316359
18083036399
15320581401
18166304869
18030571353
13372693012
13388989756
17378385238
18908330030
18907268119
18103992289
17370959707
17317060099
18102349770
15320292584
13373225682
18183195629
18166975968
13308278655
17333862632
17383137885
18983408629
18983246221
13383070889
13343316402
18937909850
18996958986
18183074723
18983412788
18003365131
18103929732
15330457491
15310061007
18908337158
13308352652
13370756655
17347958116
18032530966
17353166688
18983932522
13313160035
13368225090
13368266938
15378785013
17347880970
18008368695
15340315541
18903278187
13320262206
17323726000
15383267168
15333350672
13372759322
17320460779
17388278257
13301120539
13303901130
13368381851
18996411102
18983378277
15308211013
18183023071
13303955875
18108309106
15369771633
13393766958
17358364445
13383696853
18132481820
15343199982
18998818685
17378344809
15310703558
17335717776
17344991444
13377106177
18085630189
17384033536
17333966507
18039145544
15310837767
15310331928
17331649120
18002329227
18939400769
18996153313
17318260898
13393306272
13353817287
15320600713
17382330058
13370797933
18084055591
18032851904
17347806293
18931798991
13313137910
18031537308
15324093576
18942667195
13330308262
15320203036
15354257544
17347892626
17353180261
18942654967
17353148400
18996346540
15373262978
13372646123
18108309737
13330219004
15310197860
13368070078
18996688119
18983664453
15310400161
15310182648
17323553228
13393179756
13331106315
17384788169
13391788630
13350302562
13371760886
15320716062
18996837335
15303801777
15334535975
17338373266
17330146637
17335315128
15373291986
15369089597
17308374136
18166522766
18939670018
17310692787
13368207020
18080206939
13363676155
18083088796
18037119262
17388207276
18166396033
18183180982
17347899323
15310924933
15321395449
17320345384
13301619099
17308341506
18983855565
17331280288
13388945919
18037200580
15330372622
13330330243
18133558663
17323953691
13333122928
13372774095
17337083958
13353635325
13398392730
17378367095
13368101107
13330298161
18983313042
13364028779
17382388715
18046595561
17308359699
18983168968
17382334319
15328117409
18003871239
17323486324
18937509896
18084010425
17303256759
18096356552
17319329985
17300288560
13330349526
18996220636
13389687119
13350305263
15310955339
15340447883
